duration 15.00 s, onsets 111
intervals s: p5 0.093 p25 0.096 median 0.104 p75 0.197 p95 0.209
  0.075-0.100 ############################ 28
  0.100-0.125 ################################################### 51
  0.175-0.200 ###################### 22
  0.200-0.225 #### 4
  0.300-0.325 ### 3
  0.375-0.400 ## 2
first 40 onsets (s) and the 4 strongest peaks (Hz) in the 120 ms after each:
    30.070  [1534.2, 686.4, 1367.4, 1318.9]
    30.174  [1534.2, 1318.9, 1367.4, 1152.0]
    30.372  [1534.2, 549.1, 915.2, 457.6]
    30.569  [1022.8, 549.1, 915.2, 686.4]
    30.673  [1152.0, 1022.8, 549.1, 1534.2]
    30.766  [1152.0, 1022.8, 915.2, 549.1]
    30.871  [1534.2, 1152.0, 1022.8, 915.2]
    30.975  [1534.2, 1152.0, 686.4, 1022.8]
    31.068  [1534.2, 1152.0, 1022.8, 686.4]
    31.173  [1534.2, 1152.0, 1367.4, 683.7]
    31.277  [1318.9, 1534.2, 1367.4, 1152.0]
    31.370  [1318.9, 1534.2, 686.4, 1022.8]
    31.765  [1022.8, 1318.9, 686.4, 1152.0]
    31.974  [915.2, 1022.8, 1318.9, 457.6]
    32.067  [1534.2, 917.9, 1022.8, 457.6]
    32.171  [1534.2, 1022.8, 686.4, 457.6]
    32.276  [1152.0, 1534.2, 917.9, 689.1]
    32.473  [1318.9, 1534.2, 1152.0, 917.9]
    32.566  [1318.9, 1534.2, 1152.0, 689.1]
    32.670  [1367.4, 686.4, 1318.9, 1152.0]
    32.972  [1367.4, 1022.8, 1318.9, 1152.0]
    33.065  [1534.2, 686.4, 1367.4, 1152.0]
    33.170  [1534.2, 686.4, 1367.4, 767.1]
    33.274  [915.2, 1534.2, 767.1, 1022.8]
    33.367  [1534.2, 1367.4, 915.2, 767.1]
    33.471  [1318.9, 1534.2, 915.2, 686.4]
    33.576  [1318.9, 686.4, 1534.2, 915.2]
    33.669  [1152.0, 1318.9, 1534.2, 915.2]
    33.773  [1152.0, 1318.9, 915.2, 1534.2]
    33.866  [1367.4, 1318.9, 1152.0, 1534.2]
    33.971  [1367.4, 1318.9, 1152.0, 339.1]
    34.168  [1367.4, 1318.9, 1152.0, 689.1]
    34.272  [1534.2, 1367.4, 1318.9, 917.9]
    34.365  [1534.2, 1367.4, 1318.9, 341.8]
    34.574  [1534.2, 1152.0, 255.7, 1367.4]
    34.667  [1318.9, 1534.2, 255.7, 1152.0]
    34.772  [1318.9, 1534.2, 1022.8, 255.7]
    34.876  [1318.9, 1534.2, 915.2, 255.7]
    35.074  [1367.4, 1318.9, 1534.2, 1022.8]
    35.166  [1367.4, 1318.9, 915.2, 686.4]
344 blows; {1: 68, 2: 58, 3: 67, 4: 50, 5: 64, 6: 37}
window 20.0-60.0 s
strongest periodicities 0.1-0.6 s (blow scale): [(np.float64(0.401), np.float64(0.635)), (np.float64(0.598), np.float64(0.61)), (np.float64(0.197), np.float64(0.607)), (np.float64(0.499), np.float64(0.45)), (np.float64(0.302), np.float64(0.435))]
strongest periodicities 1.0-4.0 s (row / pull scale): [(np.float64(1.202), np.float64(0.709)), (np.float64(2.601), np.float64(0.684)), (np.float64(2.2), np.float64(0.675)), (np.float64(1.399), np.float64(0.672)), (np.float64(1.602), np.float64(0.651))]
detector on my own ringing: windows of six holding all six bells 86 of 339; true blows 402, detected 344
