duration 15.00 s, onsets 69
intervals s: p5 0.163 p25 0.186 median 0.197 p75 0.221 p95 0.391
  0.125-0.150 # 1
  0.150-0.175 ############ 12
  0.175-0.200 ####################### 23
  0.200-0.225 ################# 17
  0.225-0.250 ######### 9
  0.375-0.400 #### 4
  0.425-0.450 ## 2
first 40 onsets (s) and the 4 strongest peaks (Hz) in the 120 ms after each:
    30.104  [1534.2, 917.9, 1022.8, 1367.4]
    30.279  [1534.2, 1318.9, 1367.4, 546.4]
    30.464  [1534.2, 1318.9, 1022.8, 915.2]
    30.697  [1022.8, 915.2, 1534.2, 255.7]
    30.882  [1022.8, 915.2, 255.7, 2301.4]
    31.068  [917.9, 255.7, 1534.2, 691.8]
    31.300  [821.0, 1534.2, 917.9, 255.7]
    31.683  [1318.9, 1022.8, 255.7, 1367.4]
    31.881  [1022.8, 912.5, 255.7, 1318.9]
    32.090  [915.2, 1534.2, 1022.8, 255.7]
    32.287  [915.2, 1534.2, 255.7, 1152.0]
    32.485  [1534.2, 917.9, 255.7, 1321.6]
    32.670  [1534.2, 1318.9, 915.2, 255.7]
    32.868  [821.0, 1318.9, 1534.2, 1022.8]
    33.088  [1022.8, 917.9, 1367.4, 339.1]
    33.286  [915.2, 1022.8, 1534.2, 1318.9]
    33.483  [915.2, 1534.2, 1022.8, 336.5]
    33.657  [915.2, 1318.9, 1534.2, 1152.0]
    33.866  [915.2, 1318.9, 659.5, 821.0]
    34.261  [915.2, 1367.4, 821.0, 767.1]
    34.481  [1022.8, 917.9, 1534.2, 1367.4]
    34.690  [1022.8, 1534.2, 659.5, 821.0]
    34.865  [1022.8, 912.5, 1318.9, 1534.2]
    35.085  [915.2, 1321.6, 1022.8, 1367.4]
    35.283  [915.2, 821.0, 1022.8, 1367.4]
    35.492  [915.2, 1367.4, 821.0, 1318.9]
    35.677  [1534.2, 917.9, 767.1, 1367.4]
    35.875  [1534.2, 912.5, 1022.8, 767.1]
    36.072  [915.2, 1534.2, 1022.8, 1321.6]
    36.281  [915.2, 1318.9, 1534.2, 1152.0]
    36.513  [1318.9, 915.2, 659.5, 255.7]
    36.908  [1367.4, 1022.8, 915.2, 1318.9]
    37.082  [1022.8, 1367.4, 255.7, 1531.5]
    37.268  [1534.2, 1022.8, 255.7, 659.5]
    37.477  [1534.2, 912.5, 1318.9, 1022.8]
    37.697  [915.2, 1534.2, 1318.9, 821.0]
    37.837  [915.2, 821.0, 341.8, 255.7]
    38.069  [1022.8, 915.2, 821.0, 341.8]
    38.313  [1022.8, 915.2, 341.8, 1534.2]
    38.475  [1318.9, 1022.8, 1531.5, 767.1]
342 blows; {1: 51, 2: 52, 3: 65, 4: 61, 5: 58, 6: 55}
window 20.0-60.0 s
strongest periodicities 0.1-0.6 s (blow scale): [(np.float64(0.43), np.float64(0.087)), (np.float64(0.174), np.float64(0.082)), (np.float64(0.203), np.float64(0.081)), (np.float64(0.383), np.float64(0.076)), (np.float64(0.406), np.float64(0.053))]
strongest periodicities 1.0-4.0 s (row / pull scale): [(np.float64(1.202), np.float64(0.137)), (np.float64(3.204), np.float64(0.114)), (np.float64(3.402), np.float64(0.093)), (np.float64(2.403), np.float64(0.09)), (np.float64(2.206), np.float64(0.086))]
detector on my own ringing: windows of six holding all six bells 102 of 337; true blows 402, detected 342
