duration 15.00 s, onsets 79
intervals s: p5 0.138 p25 0.151 median 0.174 p75 0.197 p95 0.337
  0.125-0.150 ########## 10
  0.150-0.175 ############################### 31
  0.175-0.200 ##################### 21
  0.200-0.225 ####### 7
  0.225-0.250 ### 3
  0.325-0.350 #### 4
  0.375-0.400 ## 2
first 40 onsets (s) and the 4 strongest peaks (Hz) in the 120 ms after each:
    30.035  [821.0, 1367.4, 767.1, 689.1]
    30.232  [1022.8, 1534.2, 1367.4, 255.7]
    30.418  [1534.2, 1022.8, 331.1, 659.5]
    30.569  [1534.2, 912.5, 1022.8, 1318.9]
    30.755  [915.2, 1022.8, 1318.9, 255.7]
    30.929  [915.2, 821.0, 255.7, 333.8]
    31.115  [915.2, 821.0, 1367.4, 689.1]
    31.277  [1534.2, 915.2, 1022.8, 1367.4]
    31.451  [1534.2, 1022.8, 255.7, 912.5]
    31.625  [915.2, 1022.8, 255.7, 1534.2]
    31.800  [915.2, 1318.9, 255.7, 1022.8]
    32.009  [1318.9, 915.2, 1022.8, 255.7]
    32.357  [821.0, 1367.4, 341.8, 1020.1]
    32.508  [1534.2, 1022.8, 341.8, 1367.4]
    32.670  [1534.2, 1022.8, 1321.6, 341.8]
    32.856  [1534.2, 1318.9, 1022.8, 912.5]
    33.042  [915.2, 1534.2, 1318.9, 821.0]
    33.170  [917.9, 821.0, 1534.2, 341.8]
    33.367  [821.0, 915.2, 1022.8, 1367.4]
    33.587  [1022.8, 1367.4, 915.2, 821.0]
    33.727  [1022.8, 1318.9, 915.2, 767.1]
    33.878  [1534.2, 1022.8, 821.0, 1318.9]
    34.063  [1534.2, 821.0, 1022.8, 915.2]
    34.214  [1534.2, 915.2, 821.0, 1152.0]
    34.598  [915.2, 691.8, 656.8, 821.0]
    34.760  [1318.9, 1022.8, 1534.2, 915.2]
    34.946  [1318.9, 1022.8, 1534.2, 821.0]
    35.120  [1022.8, 1534.2, 821.0, 341.8]
    35.294  [1534.2, 821.0, 1022.8, 341.8]
    35.492  [1534.2, 341.8, 912.5, 1022.8]
    35.654  [1534.2, 912.5, 228.8, 341.8]
    35.817  [917.9, 1318.9, 1534.2, 823.6]
    35.991  [1318.9, 915.2, 1534.2, 341.8]
    36.130  [1534.2, 1020.1, 1318.9, 1367.4]
    36.339  [1022.8, 1367.4, 255.7, 1536.9]
    36.560  [909.8, 255.7, 1534.2, 767.1]
    36.896  [915.2, 1534.2, 1367.4, 689.1]
    37.059  [915.2, 821.0, 341.8, 1318.9]
    37.210  [1318.9, 821.0, 915.2, 341.8]
    37.396  [1318.9, 341.8, 915.2, 821.0]
311 blows; {1: 50, 2: 48, 3: 59, 4: 51, 5: 59, 6: 44}
window 20.0-60.0 s
strongest periodicities 0.1-0.6 s (blow scale): [(np.float64(0.168), np.float64(0.113)), (np.float64(0.528), np.float64(0.112)), (np.float64(0.342), np.float64(0.086)), (np.float64(0.377), np.float64(0.046)), (np.float64(0.128), np.float64(0.018))]
strongest periodicities 1.0-4.0 s (row / pull scale): [(np.float64(1.057), np.float64(0.118)), (np.float64(2.624), np.float64(0.115)), (np.float64(3.146), np.float64(0.112)), (np.float64(3.675), np.float64(0.11)), (np.float64(1.927), np.float64(0.101))]
detector on my own ringing: windows of six holding all six bells 67 of 306; true blows 402, detected 311
