duration 60.73 s, onsets 345
intervals s: p5 0.081 p25 0.099 median 0.134 p75 0.203 p95 0.376
  0.075-0.100 ################################################################################ 89
  0.100-0.125 ############################################################# 61
  0.125-0.150 ######################################### 41
  0.150-0.175 ############################################ 44
  0.175-0.200 ############### 15
  0.200-0.225 ##################### 21
  0.225-0.250 ################### 19
  0.250-0.275 ######## 8
  0.275-0.300 ######### 9
  0.300-0.325 ######### 9
  0.325-0.350 ##### 5
  0.350-0.375 ##### 5
  0.375-0.400 # 1
  0.400-0.425 ### 3
  0.425-0.450 # 1
  0.450-0.475 # 1
  0.475-0.500 ### 3
  0.525-0.550 # 1
  0.550-0.575 ## 2
  0.575-0.600 # 1
  0.600-0.625 # 1
  0.700-0.725 ## 2
  0.900-0.925 # 1
first 40 onsets (s) and the 4 strongest peaks (Hz) in the 120 ms after each:
     0.110  [247.6, 177.6, 323.0, 489.9]
     0.273  [166.9, 242.2, 323.0, 974.4]
     0.615  [258.4, 183.0, 360.7, 468.3]
     0.993  [193.8, 290.7, 737.5, 565.2]
     1.086  [161.5, 398.4, 269.2, 737.5]
     1.457  [269.2, 183.0, 441.4, 538.3]
     1.620  [177.6, 339.1, 732.1, 258.4]
     1.701  [166.9, 242.2, 403.7, 473.7]
     1.863  [150.7, 220.7, 479.1, 333.8]
     2.049  [161.5, 236.9, 312.2, 495.3]
     2.218  [172.3, 253.0, 366.1, 441.4]
     2.426  [161.5, 296.1, 226.1, 376.8]
     2.519  [274.5, 156.1, 446.8, 376.8]
     2.606  [193.8, 312.2, 737.5, 613.7]
     2.763  [166.9, 296.1, 430.7, 850.6]
     3.129  [247.6, 150.7, 538.3, 436.0]
     3.210  [215.3, 382.2, 285.3, 732.1]
     3.349  [156.1, 226.1, 301.5, 425.3]
     3.454  [409.1, 193.8, 279.9, 500.6]
     3.570  [188.4, 382.2, 732.1, 538.3]
     3.744  [166.9, 242.2, 597.5, 473.7]
     3.889  [209.9, 285.3, 376.8, 479.1]
     3.988  [150.7, 220.7, 290.7, 430.7]
     4.151  [150.7, 226.1, 414.5, 333.8]
     4.232  [177.6, 242.2, 398.4, 328.4]
     4.470  [172.3, 737.5, 274.5, 355.3]
     4.679  [220.7, 285.3, 150.7, 570.6]
     4.795  [166.9, 323.0, 253.0, 565.2]
     4.998  [150.7, 349.9, 269.2, 414.5]
     5.294  [177.6, 355.3, 258.4, 441.4]
     5.375  [183.0, 290.7, 355.3, 737.5]
     5.619  [183.0, 263.8, 398.4, 737.5]
     5.700  [247.6, 414.5, 161.5, 312.2]
     5.904  [199.2, 296.1, 452.2, 371.4]
     6.513  [188.4, 398.4, 269.2, 473.7]
     6.832  [209.9, 306.8, 549.1, 737.5]
     7.088  [209.9, 279.9, 403.7, 732.1]
     7.169  [172.3, 296.1, 366.1, 753.7]
     7.256  [279.9, 172.3, 355.3, 516.8]
     7.825  [226.1, 150.7, 301.5, 511.4]
