duration 60.02 s, onsets 398
intervals s: p5 0.081 p25 0.087 median 0.099 p75 0.116 p95 0.168
  0.075-0.100 ################################################################################ 222
  0.100-0.125 ################################################################################ 105
  0.125-0.150 ######################################### 41
  0.150-0.175 ############## 14
  0.175-0.200 ######## 8
  0.200-0.225 # 1
  0.225-0.250 # 1
  0.250-0.275 ## 2
  0.300-0.325 # 1
  0.325-0.350 # 1
  0.475-0.500 # 1
first 40 onsets (s) and the 4 strongest peaks (Hz) in the 120 ms after each:
     0.035  [156.1, 285.3, 479.1, 349.9]
     0.145  [150.7, 285.3, 484.5, 349.9]
     0.290  [150.7, 269.2, 463.0, 344.5]
     0.372  [274.5, 156.1, 473.7, 667.5]
     0.511  [290.7, 150.7, 484.5, 215.3]
     0.610  [269.2, 150.7, 463.0, 333.8]
     0.714  [150.7, 247.6, 312.2, 441.4]
     0.801  [258.4, 156.1, 323.0, 457.6]
     0.946  [150.7, 263.8, 328.4, 457.6]
     1.057  [161.5, 290.7, 489.9, 360.7]
     1.155  [150.7, 247.6, 339.1, 479.1]
     1.236  [150.7, 253.0, 333.8, 441.4]
     1.318  [258.4, 150.7, 323.0, 457.6]
     1.428  [156.1, 269.2, 349.9, 463.0]
     1.562  [285.3, 479.1, 156.1, 678.3]
     1.666  [156.1, 279.9, 479.1, 349.9]
     1.805  [263.8, 150.7, 328.4, 457.6]
     1.898  [274.5, 156.1, 468.3, 349.9]
     2.032  [290.7, 150.7, 489.9, 683.7]
     2.177  [290.7, 156.1, 489.9, 683.7]
     2.258  [269.2, 166.9, 463.0, 333.8]
     2.531  [285.3, 156.1, 479.1, 678.3]
     2.612  [150.7, 274.5, 344.5, 468.3]
     2.717  [150.7, 263.8, 328.4, 463.0]
     2.839  [150.7, 263.8, 328.4, 457.6]
     2.920  [150.7, 290.7, 489.9, 683.7]
     3.019  [150.7, 247.6, 339.1, 479.1]
     3.129  [150.7, 247.6, 339.1, 441.4]
     3.210  [156.1, 226.1, 306.8, 473.7]
     3.303  [150.7, 247.6, 339.1, 441.4]
     3.384  [269.2, 150.7, 463.0, 333.8]
     3.477  [156.1, 274.5, 473.7, 349.9]
     3.564  [274.5, 150.7, 468.3, 339.1]
     3.675  [156.1, 279.9, 479.1, 349.9]
     3.767  [150.7, 285.3, 479.1, 678.3]
     3.884  [150.7, 247.6, 333.8, 446.8]
     3.976  [269.2, 156.1, 463.0, 656.8]
     4.104  [150.7, 247.6, 339.1, 441.4]
     4.185  [150.7, 253.0, 333.8, 446.8]
     4.272  [150.7, 258.4, 328.4, 452.2]
