duration 8.00 s, onsets 19
intervals s: p5 0.144 p25 0.279 median 0.348 p75 0.470 p95 0.796
  0.100-0.125 # 1
  0.150-0.175 # 1
  0.200-0.225 # 1
  0.250-0.275 # 1
  0.275-0.300 #### 4
  0.325-0.350 ## 2
  0.350-0.375 # 1
  0.375-0.400 # 1
  0.400-0.425 # 1
  0.475-0.500 # 1
  0.725-0.750 # 1
  0.750-0.775 ## 2
  0.950-0.975 # 1
first 40 onsets (s) and the 4 strongest peaks (Hz) in the 120 ms after each:
   120.070  [1359.3, 2024.1, 818.3, 764.4]
   120.453  [1152.0, 1730.7, 576.0, 812.9]
   120.662  [1152.0, 576.0, 1028.2, 1321.6]
   121.428  [917.9, 1531.5, 764.4, 2258.3]
   121.718  [1372.7, 818.3, 1536.9, 2266.4]
   122.067  [1146.6, 1370.1, 815.6, 1496.6]
   122.426  [1022.8, 1318.9, 1149.3, 608.3]
   123.390  [1534.2, 3994.4, 909.8, 764.4]
   123.669  [1359.3, 915.2, 2024.1, 818.3]
   124.156  [1152.0, 1367.4, 1733.4, 815.6]
   124.435  [576.0, 1321.6, 1028.2, 1154.7]
   125.190  [917.9, 1531.5, 764.4, 2258.3]
   125.468  [818.3, 1372.7, 917.9, 1534.2]
   125.817  [1146.6, 1364.7, 815.6, 1725.3]
   126.084  [1149.3, 576.0, 1367.4, 1725.3]
   126.235  [1022.8, 1152.0, 1318.9, 576.0]
   126.966  [1022.8, 1318.9, 576.0, 514.1]
   127.070  [1534.2, 909.8, 2269.1, 3997.1]
   127.488  [1362.0, 821.0, 917.9, 2024.1]
