long-term spectrum peaks (Hz, level):
    339.1 7.17
    382.2 7.47
    511.4 7.94
    576.0 8.78
    608.3 8.31
    683.7 8.42
    764.4 8.55
    812.9 8.49
    866.7 7.58
    915.2 8.78
   1022.8 8.95
   1152.0 9.25
   1318.9 8.04
   1367.4 8.32
   1507.3 7.34
   1534.2 8.73
   1685.0 6.75
   1701.1 7.20
   1722.7 7.48
   1749.6 6.75
   2029.5 7.16
   2126.4 7.21
   2266.4 7.20
   2777.8 7.08
   3090.0 6.86
frequency that rises most at strong rises (rounded 10 Hz), count:
    1170 16
    2190 14
    2210 13
    1130 13
    1140 13
     900 13
    1610 12
    1980 12
    1040 12
    1340 11
     780 11
    2080 11
    2360 11
    2260 10
    1860 10
    1650 10
    1410 10
    2230 10
    1360 10
    1510 10
